{
 "cells": [
  {
   "cell_type": "markdown",
   "metadata": {},
   "source": [
    "# Отчет по домашней работе по АОТ №3"
   ]
  },
  {
   "cell_type": "markdown",
   "metadata": {},
   "source": [
    "### Язык программирования python3 (задание Е). С использованием Яндекс.XML API"
   ]
  },
  {
   "cell_type": "markdown",
   "metadata": {},
   "source": [
    "Подключим необходимые модули. \n",
    "ElementTree – для парсинга XML ответов от Яндекс.XML  \n",
    "Pandas – для удобного хранения \"мешка слов\"  \n",
    "Requests – для GET-запросов к API  \n",
    "Некоторые элементы scikit-learn для удобного моделирования и скоринга"
   ]
  },
  {
   "cell_type": "code",
   "execution_count": 158,
   "metadata": {
    "collapsed": true
   },
   "outputs": [],
   "source": [
    "import pandas as pd\n",
    "import xml.etree.ElementTree as ET\n",
    "import requests\n",
    "from sklearn.feature_extraction.text import CountVectorizer\n",
    "from sklearn.metrics.pairwise import cosine_similarity"
   ]
  },
  {
   "cell_type": "markdown",
   "metadata": {},
   "source": [
    "Напишем функцию, возвращающую сырой текст XML-ответа. На вход принимается текст запроса в формате слово1+слово2+слово3 и т.д."
   ]
  },
  {
   "cell_type": "code",
   "execution_count": 96,
   "metadata": {
    "collapsed": true
   },
   "outputs": [],
   "source": [
    "def get_responses(request):\n",
    "    request_template = \"\"\"https://yandex.com/search/xml?user=a-o-butenko&key=03.436483824:4ebd34aa3a703fffc928a8bb470cbab3\n",
    "                          &query={}\n",
    "                          &l10n=en\n",
    "                          &sortby=tm.order%3Dascending\n",
    "                          &filter=strict\n",
    "                          &groupby=attr%3D%22%22.mode%3Dflat.groups-on-page%3D10.docs-in-group%3D1\"\"\"\n",
    "    response = requests.get(request_template.format(request))\n",
    "    return response"
   ]
  },
  {
   "cell_type": "markdown",
   "metadata": {},
   "source": [
    "Зададим список запросов и список имен файлов для создания и сохранения"
   ]
  },
  {
   "cell_type": "code",
   "execution_count": 145,
   "metadata": {
    "collapsed": true
   },
   "outputs": [],
   "source": [
    "requests_list = ['логистическая+регрессия+с+регуляризацией',\n",
    "                 'парсинг+xml+для+самых+маленьких',\n",
    "                 'мультиколлинеарность+в+линейных+моделях',\n",
    "                 'Дэвид+Линч+съемки+Твин+Пикса',\n",
    "                 'лекарства+от+простуды']\n",
    "files_list = ['xml1.xml', 'xml2.xml', 'xml3.xml', 'xml4.xml', 'xml5.xml']"
   ]
  },
  {
   "cell_type": "markdown",
   "metadata": {},
   "source": [
    "Сохраним все запросы в отдельные xml документы"
   ]
  },
  {
   "cell_type": "code",
   "execution_count": null,
   "metadata": {
    "collapsed": false,
    "scrolled": false
   },
   "outputs": [],
   "source": [
    "for i, req in enumerate(requests_list):\n",
    "    xml_resp = get_responses(req)\n",
    "    with open(files_list[i], 'w') as fin:\n",
    "        fin.write(xml_resp.text)"
   ]
  },
  {
   "cell_type": "markdown",
   "metadata": {},
   "source": [
    "Теперь считываем полученные ответы, моделируем \"мешки слов\" и ищем расстояния"
   ]
  },
  {
   "cell_type": "code",
   "execution_count": 178,
   "metadata": {
    "collapsed": false,
    "scrolled": false
   },
   "outputs": [
    {
     "name": "stdout",
     "output_type": "stream",
     "text": [
      "Обрабатывается запрос \"логистическая+регрессия+с+регуляризацией\"\n",
      "Срез слов в текущей модели \"мешка слов\":\n",
      "\n",
      "['slope', 'vx', 'vy', 'анализ']\n",
      "\n",
      "Попарные cosine similarities:\n",
      "\n",
      "       0      1      2      3      4      5      6      7      8      9\n",
      "0  1.000  0.177  1.000  0.000  0.000  0.500  0.324  0.000  0.577  0.000\n",
      "1  0.177  1.000  0.177  0.000  0.000  0.177  0.115  0.000  0.102  0.000\n",
      "2  1.000  0.177  1.000  0.000  0.000  0.500  0.324  0.000  0.577  0.000\n",
      "3  0.000  0.000  0.000  1.000  0.095  0.000  0.000  0.123  0.000  0.164\n",
      "4  0.000  0.000  0.000  0.095  1.000  0.000  0.000  0.000  0.000  0.344\n",
      "5  0.500  0.177  0.500  0.000  0.000  1.000  0.162  0.000  0.289  0.136\n",
      "6  0.324  0.115  0.324  0.000  0.000  0.162  1.000  0.000  0.187  0.000\n",
      "7  0.000  0.000  0.000  0.123  0.000  0.000  0.000  1.000  0.000  0.000\n",
      "8  0.577  0.102  0.577  0.000  0.000  0.289  0.187  0.000  1.000  0.000\n",
      "9  0.000  0.000  0.000  0.164  0.344  0.136  0.000  0.000  0.000  1.000\n",
      "\n",
      "\n",
      "Обрабатывается запрос \"парсинг+xml+для+самых+маленьких\"\n",
      "Срез слов в текущей модели \"мешка слов\":\n",
      "\n",
      "['белые', 'вариант', 'вернуться', 'видео']\n",
      "\n",
      "Попарные cosine similarities:\n",
      "\n",
      "       0      1      2    3      4      5      6      7      8\n",
      "0  1.000  0.354  0.764  0.0  0.327  0.750  0.728  0.750  0.316\n",
      "1  0.354  1.000  0.360  0.0  0.154  0.354  0.343  0.354  0.149\n",
      "2  0.764  0.360  1.000  0.0  0.333  0.873  0.741  0.873  0.276\n",
      "3  0.000  0.000  0.000  1.0  0.000  0.000  0.000  0.000  0.000\n",
      "4  0.327  0.154  0.333  0.0  1.000  0.327  0.370  0.327  0.138\n",
      "5  0.750  0.354  0.873  0.0  0.327  1.000  0.728  0.750  0.316\n",
      "6  0.728  0.343  0.741  0.0  0.370  0.728  1.000  0.728  0.307\n",
      "7  0.750  0.354  0.873  0.0  0.327  0.750  0.728  1.000  0.316\n",
      "8  0.316  0.149  0.276  0.0  0.138  0.316  0.307  0.316  1.000\n",
      "\n",
      "\n",
      "Обрабатывается запрос \"мультиколлинеарность+в+линейных+моделях\"\n",
      "Срез слов в текущей модели \"мешка слов\":\n",
      "\n",
      "['для', 'друг', 'другом', 'задача']\n",
      "\n",
      "Попарные cosine similarities:\n",
      "\n",
      "       0      1      2      3      4      5      6      7      8      9\n",
      "0  1.000  0.000  0.000  0.120  0.378  0.309  0.252  0.000  0.189  0.000\n",
      "1  0.000  1.000  0.118  0.129  0.136  0.000  0.000  0.245  0.000  0.236\n",
      "2  0.000  0.118  1.000  0.091  0.096  0.000  0.000  0.231  0.000  0.167\n",
      "3  0.120  0.129  0.091  1.000  0.105  0.000  0.105  0.190  0.000  0.183\n",
      "4  0.378  0.136  0.096  0.105  1.000  0.408  0.000  0.200  0.333  0.192\n",
      "5  0.309  0.000  0.000  0.000  0.408  1.000  0.000  0.000  0.204  0.118\n",
      "6  0.252  0.000  0.000  0.105  0.000  0.000  1.000  0.000  0.167  0.000\n",
      "7  0.000  0.245  0.231  0.190  0.200  0.000  0.000  1.000  0.000  0.404\n",
      "8  0.189  0.000  0.000  0.000  0.333  0.204  0.167  0.000  1.000  0.000\n",
      "9  0.000  0.236  0.167  0.183  0.192  0.118  0.000  0.404  0.000  1.000\n",
      "\n",
      "\n",
      "Обрабатывается запрос \"Дэвид+Линч+съемки+Твин+Пикса\"\n",
      "Срез слов в текущей модели \"мешка слов\":\n",
      "\n",
      "['maxilena', 'peaks', 'today', 'twin']\n",
      "\n",
      "Попарные cosine similarities:\n",
      "\n",
      "       0      1      2      3      4      5      6      7      8\n",
      "0  1.000  0.254  0.098  0.000  0.108  0.183  0.000  0.000  0.000\n",
      "1  0.254  1.000  0.165  0.000  0.183  0.309  0.000  0.000  0.000\n",
      "2  0.098  0.165  1.000  0.000  0.318  0.178  0.165  0.000  0.000\n",
      "3  0.000  0.000  0.000  1.000  0.000  0.183  0.000  0.224  0.079\n",
      "4  0.108  0.183  0.318  0.000  1.000  0.198  0.367  0.000  0.000\n",
      "5  0.183  0.309  0.178  0.183  0.198  1.000  0.000  0.408  0.144\n",
      "6  0.000  0.000  0.165  0.000  0.367  0.000  1.000  0.000  0.000\n",
      "7  0.000  0.000  0.000  0.224  0.000  0.408  0.000  1.000  0.354\n",
      "8  0.000  0.000  0.000  0.079  0.000  0.144  0.000  0.354  1.000\n",
      "\n",
      "\n",
      "Обрабатывается запрос \"лекарства+от+простуды\"\n",
      "Срез слов в текущей модели \"мешка слов\":\n",
      "\n",
      "['единственным', 'за', 'закапывания', 'запрещено']\n",
      "\n",
      "Попарные cosine similarities:\n",
      "\n",
      "       0      1      2      3      4      5      6      7      8      9\n",
      "0  1.000  0.000  0.129  0.000  0.204  0.204  0.189  0.500  0.000  0.000\n",
      "1  0.000  1.000  0.000  0.183  0.000  0.000  0.120  0.000  0.000  0.105\n",
      "2  0.129  0.000  1.000  0.000  0.211  0.211  0.098  0.258  0.215  0.172\n",
      "3  0.000  0.183  0.000  1.000  0.000  0.354  0.218  0.000  0.000  0.000\n",
      "4  0.204  0.000  0.211  0.000  1.000  0.167  0.154  0.408  0.113  0.000\n",
      "5  0.204  0.000  0.211  0.354  0.167  1.000  0.154  0.408  0.000  0.000\n",
      "6  0.189  0.120  0.098  0.218  0.154  0.154  1.000  0.378  0.000  0.000\n",
      "7  0.500  0.000  0.258  0.000  0.408  0.408  0.378  1.000  0.000  0.000\n",
      "8  0.000  0.000  0.215  0.000  0.113  0.000  0.000  0.000  1.000  0.092\n",
      "9  0.000  0.105  0.172  0.000  0.000  0.000  0.000  0.000  0.092  1.000\n",
      "\n",
      "\n"
     ]
    }
   ],
   "source": [
    "pd.set_option('precision', 3)\n",
    "for i, file in enumerate(files_list):\n",
    "    texts = []\n",
    "    text = ''\n",
    "    tree = ET.parse(file)\n",
    "    root = tree.getroot()\n",
    "    groups = root.findall('./response/results/grouping/group/doc/passages')\n",
    "    for group in groups:\n",
    "        text = ''\n",
    "        for inner in group.iter():\n",
    "            if inner.text==None:\n",
    "                continue\n",
    "            text = text + ' ' + inner.text\n",
    "        \n",
    "        texts.append(text)\n",
    "        \n",
    "    vectorizer = CountVectorizer()\n",
    "    X = vectorizer.fit_transform(texts)\n",
    "    print('Обрабатывается запрос \"{}\"'.format(requests_list[i]))\n",
    "    print('Срез слов в текущей модели \"мешка слов\":\\n')\n",
    "    print(vectorizer.get_feature_names()[7:11])\n",
    "    print('\\nПопарные cosine similarities:\\n')\n",
    "    sim_matrix = cosine_similarity(X)\n",
    "    sim_df = pd.DataFrame(sim_matrix)\n",
    "    print(sim_df)\n",
    "    print('\\n')\n",
    "    "
   ]
  },
  {
   "cell_type": "markdown",
   "metadata": {},
   "source": [
    "В программе использовался Яндекс.XML API, программа отправляет GET-запрос на сервера яндекса и получает XML-ответ и вытаскивает из него тексты, находящиеся в листах passages (это легко видеть в структуре XML-ответа). В целом можно сказать, что поиск выдал много мусорных ответов, особенно на запрос, в котором слова \"парсинг\" и \"xml\" соседствуют со словом \"маленких\" – ни одного релевантного результата (можно заметить тенденцию по срезам слов), в отличие от тех результатов, которые можно получить с помощью веб-интерфейса (для сравнения yandex.ru выдает в числе первых запросов сразу несколько подходящих под запрос ссылок). Что касается остальных запросов, то было получено очень много замусоренных ответов, в которых ключевые слова находятся не в том контексте, в котором были запрошены, но были и такие, которые вполне подошли. Возможно, такое поведение связано с тем, что XML API выдает набор случайных поисковых результатов, не упорядоченных по релевантности запроса, и не учитывающих предыдушие запросы пользователя, что почти наверняка реализовано в поиске через веб-интерфейс yandex.ru."
   ]
  }
 ],
 "metadata": {
  "kernelspec": {
   "display_name": "Python 3",
   "language": "python",
   "name": "python3"
  },
  "language_info": {
   "codemirror_mode": {
    "name": "ipython",
    "version": 3
   },
   "file_extension": ".py",
   "mimetype": "text/x-python",
   "name": "python",
   "nbconvert_exporter": "python",
   "pygments_lexer": "ipython3",
   "version": "3.5.2"
  }
 },
 "nbformat": 4,
 "nbformat_minor": 1
}
